generation individual worker nCores     start        end
         1          1      1       1	      0        203
         1          2      1       1	      0         39  
         1          3      1       1	      0         41
         1          4      1       1	      0         35
         1          5      1       1	      0        201
         1          6      1       1	      0         47 
         1          7      1       1	      0         66 
         1          8      1       1	      0         90  
		 
         1          9      2       1	      0         41 
         1         10      2       1	      0         35  
         1         11      2       1	      0         41
         1         12      2       1	      0         58
         1         13      2       1	      0         35  
         1         14      2       1	      0         85
         1         15      2       1	      0        160
         1         16      2       1	      0         37   
		 
         1         17      3       1	      0         24
         1         18      3       1	      0        123
         1         19      3       1	      0        172   
         1         20      3       1	      0         83
         1         21      3       1	      0         68
         1         22      3       1	      0        100
         1         23      3       1	      0        165
         1         24      3       1	      0         43
		 
         1         25      4       1	      0         64
         1         26      4       1	      0        174
         1         27      4       1	      0         68
         1         28      4       1	      0        228
         1         29      4       1	      0         73
         1         30      4       1	      0         54
         1         31      4       1	      0        138
         1         32      4       1	      0        359
		 
         1         33      5       1	      0        154
         1         34      5       1	      0         73
         1         35      5       1	      0        195
         1         36      5       1	      0        111 
         1         37      5       1	      0         64
         1         38      5       1	      0        160
         1         39      5       1	      0         45
         1         40      5       1	      0         49
		 
         1         41      6       1	      0         66
         1         42      6       1	      0        149
         1         43      6       1	      0         39
         1         44      6       1	      0        130
         1         45      6       1	      0         41
         1         46      6       1	      0         95
         1         47      6       1	      0         75
         1         48      6       1	      0         45

         1         49      7       1	      0         47
         1         50      7       1	      0        104
         1         51      7       1	      0        182
         1         52      7       1	      0         47
         1         53      7       1	      0         22
         1         54      7       1	      0         41
         1         55      7       1	      0        286
         1         56      7       1	      0        154

         1         57      8       1	      0        156
         1         58      8       1	      0        156
         1         59      8       1	      0         37
         1         60      8       1	      0        269
         1         61      8       1	      0         75
         1         62      8       1	      0         43
         1         63      8       1	      0         97
         1         64      8       1	      0         28

         2          1      1       1	    359        434  
         2          2      1       1	    359        477    
         2          3      1       1	    359        453   
         2          4      1       1	    359        510  
         2          5      1       1	    359        524   
         2          6      1       1	    359        394    
         2          7      1       1	    359        504    
         2          8      1       1	    359        534     
		 
         2          9      2       1	    359        386    
         2         10      2       1	    359        432     
         2         11      2       1	    359        451   
         2         12      2       1	    359        447   
         2         13      2       1	    359        410  
         2         14      2       1	    359        534   	       
         2         15      2       1	    359        392   
         2         16      2       1	    359        526   
		 
         2         17      3       1	    359        443
         2         18      3       1	    359        388   
         2         19      3       1	    359        553   
         2         20      3       1	    359        569   
         2         21      3       1	    359        434   
         2         22      3       1	    359        588   
         2         23      3       1	    359        465  
         2         24      3       1	    359        420 
		 
         2         25      4       1	    359        441
         2         26      4       1	    359        473
         2         27      4       1	    359        425
         2         28      4       1	    359        414
         2         29      4       1	    359        471
         2         30      4       1	    359        541   
         2         31      4       1	    359        406  
         2         32      4       1	    359        425   
		 
         2         33      5       1	    359        455
         2         34      5       1	    359        438
         2         35      5       1	    359        388
         2         36      5       1	    359        567
         2         37      5       1	    359        463
         2         38      5       1	    359        423
         2         39      5       1	    359        500
         2         40      5       1	    359        432
		 
         2         41      6       1	    359        404
         2         42      6       1	    359        404
         2         43      6       1	    359        547
         2         44      6       1	    359        404
         2         45      6       1	    359        408
         2         46      6       1	    359        467
         2         47      6       1	    359        428
         2         48      6       1	    359        406   

         2         49      7       1	    359        406  
         2         50      7       1	    359        495
         2         51      7       1	    359        528
         2         52      7       1	    359        390
         2         53      7       1	    359        573
         2         54      7       1	    359        495
         2         55      7       1	    359        410
         2         56      7       1	    359        394

         2         57      8       1	    359        394
         2         58      8       1	    359        528
         2         59      8       1	    359        390
         2         60      8       1	    359        388
         2         NA      8       1	     NA         NA
         2         NA      8       1	     NA         NA
         2         NA      8       1	     NA         NA  
         2         NA      8       1	     NA         NA  

         3          1      1       1	    587        800
         3          2      1       1	    587        624
         3          3      1       1	    587        661
         3          4      1       1	    587        716
         3          5      1       1	    587        652
         3          6      1       1	    587        720
         3          7      1       1	    587        617
         3          8      1       1	    587        624
		 
         3          9      2       1        587        646
         3         10      2       1        587	       671
         3         11      2       1        587	       630
         3         12      2       1        587	       640
         3         13      2       1        587	       737
         3         14      2       1        587	       709
         3         15      2       1        587	       652
         3         16      2       1        587	       730
		 
         3         17      3       1        587	       698
         3         18      3       1        587	       747
         3         19      3       1        587	       762
         3         20      3       1        587	       644
         3         21      3       1        587	       667
         3         22      3       1        587	       667
         3         23      3       1        587	       802
         3         24      3       1        587	       652
		 
         3         25      4       1        587	       745
         3         26      4       1        587	       686
         3         27      4       1        587	       612
         3         28      4       1        587	       650
         3         29      4       1        587	       839
         3         30      4       1        587	       612
         3         31      4       1        587	       622
         3         32      4       1        587	       773
		 
         3         33      5       1        587	       759
         3         34      5       1        587	       735
         3         35      5       1        587	       624
         3         36      5       1        587	       667
         3         37      5       1        587	       617
         3         38      5       1        587	       642
         3         39      5       1        587	       698
         3         40      5       1        587	       841
		 
         3         41      6       1        587	       624
         3         42      6       1        587	       640
         3         43      6       1        587	       724
         3         44      6       1        587	       720
         3         45      6       1        587	       770
         3         46      6       1        587	       665
         3         47      6       1        587	       610
         3         48      6       1        587	       792

         3         49      7       1        587	       646
         3         50      7       1        587	       783
         3         51      7       1        587	       632
         3         52      7       1        587	       640
         3         53      7       1        587	       650
         3         54      7       1        587	       838
         3         55      7       1        587	       762
         3         56      7       1        587	       657

         3         57      8       1        587	       693
         3         58      8       1        587	       834
         3         59      8       1        587	       775
         3         60      8       1        587	       640
         3         NA      8       1         NA	        NA
         3         NA      8       1         NA	        NA
         3         NA      8       1         NA	        NA
         3         NA      8       1         NA	        NA

         4          1      1       1	    840        974
         4          2      1       1	    840	      1002
         4          3      1       1	    840	      1002
         4          4      1       1	    840	       877
         4          5      1       1	    840	       982
         4          6      1       1	    840	       913
         4          7      1       1	    840	       968 
         4          8      1       1	    840	      1035   
		 
         4          9      2       1	    840	       875
         4         10      2       1	    840	       965  
         4         11      2       1	    840	       906
         4         12      2       1	    840	       900
         4         13      2       1	    840	       941
         4         14      2       1	    840	       915
         4         15      2       1	    840	       970
         4         16      2       1	    840	       974
		 
         4         17      3       1	    840	       972
         4         18      3       1	    840	       887
         4         19      3       1	    840	       938
         4         20      3       1	    840	       894
         4         21      3       1	    840	       934
         4         22      3       1	    840	       873
         4         23      3       1	    840	       978
         4         24      3       1	    840	       882
		 
         4         25      4       1	    840	       913
         4         26      4       1	    840	       921
         4         27      4       1	    840	      1078
         4         28      4       1	    840	       911
         4         29      4       1	    840	       892
         4         30      4       1	    840	      1020
         4         31      4       1	    840	       882 
         4         32      4       1	    840	       889
		 
         4         33      5       1	    840	       900
         4         34      5       1	    840	       953
         4         35      5       1	    840	       902
         4         36      5       1	    840	       892 
         4         37      5       1	    840	       989
         4         38      5       1	    840	       913
         4         39      5       1	    840	      1009 
         4         40      5       1	    840	       904
		 
         4         41      6       1	    840	       917
         4         42      6       1	    840	       911
         4         43      6       1	    840	       902
         4         44      6       1	    840	       882
         4         45      6       1	    840	       976
         4         46      6       1	    840	       930
         4         47      6       1	    840	       963
         4         48      6       1	    840	       894

         4         49      7       1	    840	       889
         4         50      7       1	    840	       982
         4         51      7       1	    840	       982
         4         52      7       1	    840	       875
         4         53      7       1	    840	      1084
         4         54      7       1	    840	      1041
         4         55      7       1	    840	      1011
         4         56      7       1	    840	       900

         4         57      8       1	    840	       965
         4         58      8       1	    840	       927
         4         59      8       1	    840	       873
         4         60      8       1	    840	       885
         4         NA      8       1	     NA	        NA
         4         NA      8       1	     NA	        NA
         4         NA      8       1	     NA	        NA
         4         NA      8       1	     NA	        NA

         5          1      1       1	   1085       1183
         5          2      1       1	   1085       1178
         5          3      1       1	   1085       1210
         5          4      1       1	   1085       1194
         5          5      1       1	   1085       1282
         5          6      1       1	   1085       1180
         5          7      1       1	   1085       1121
         5          8      1       1	   1085       1131
		 
         5          9      2       1	   1085       1145
         5         10      2       1	   1085       1145
         5         11      2       1	   1085       1151
         5         12      2       1	   1085       1161
         5         13      2       1	   1085       1159
         5         14      2       1	   1085       1178
         5         15      2       1	   1085       1153
         5         16      2       1	   1085       1268
		 
         5         17      3       1	   1085       1301
         5         18      3       1	   1085       1178
         5         19      3       1	   1085       1127
         5         20      3       1	   1085       1214
         5         21      3       1	   1085       1174
         5         22      3       1	   1085       1145
         5         23      3       1	   1085       1180
         5         24      3       1	   1085       1186
		 
         5         25      4       1	   1085       1198
         5         26      4       1	   1085       1155
         5         27      4       1	   1085       1170
         5         28      4       1	   1085       1192
         5         29      4       1	   1085       1207
         5         30      4       1	   1085       1166
         5         31      4       1	   1085       1141
         5         32      4       1	   1085       1198
		 
         5         33      5       1	   1085       1296
         5         34      5       1	   1085       1223
         5         35      5       1	   1085       1203
         5         36      5       1	   1085       1282
         5         37      5       1	   1085       1231
         5         38      5       1	   1085       1262
         5         39      5       1	   1085       1259
         5         40      5       1	   1085       1255
		 
         5         41      6       1	   1085       1115
         5         42      6       1	   1085       1113
         5         43      6       1	   1085       1321
         5         44      6       1	   1085       1333
         5         45      6       1	   1085       1200
         5         46      6       1	   1085       1220
         5         47      6       1	   1085       1137
         5         48      6       1	   1085       1272

         5         49      7       1	   1085       1151
         5         50      7       1	   1085       1127
         5         51      7       1	   1085       1115
         5         52      7       1	   1085       1143
         5         53      7       1	   1085       1198
         5         54      7       1	   1085       1125
         5         55      7       1	   1085       1145
         5         56      7       1	   1085       1137

         5         57      8       1	   1085       1290
         5         58      8       1	   1085       1245
         5         59      8       1	   1085       1207
         5         60      8       1	   1085       1133
         5         NA      8       1	     NA	        NA
         5         NA      8       1	     NA	        NA
         5         NA      8       1	     NA	        NA
         5         NA      8       1	     NA	        NA

         6          1      1       1	   1443       1607
         6          2      1       1	   1443	      1525   
         6          3      1       1	   1443	      1507
         6          4      1       1	   1443	      1483
         6          5      1       1	   1443	      1540
         6          6      1       1	   1443	      1479
         6          7      1       1	   1443	      1555
         6          8      1       1	   1443	      1513
		 
         6          9      2       1	   1443	      1570
         6         10      2       1	   1443	      1596
         6         11      2       1	   1443	      1509
         6         12      2       1	   1443	      1528
         6         13      2       1	   1443	      1526
         6         14      2       1	   1443	      1564
         6         15      2       1	   1443	      1691
         6         16      2       1	   1443	      1511
		 
         6         17      3       1	   1443	      1540
         6         18      3       1	   1443	      1509 
         6         19      3       1	   1443	      1575
         6         20      3       1	   1443	      1594
         6         21      3       1	   1443	      1636
         6         22      3       1	   1443	      1475
         6         23      3       1	   1443	      1485
         6         24      3       1	   1443	      1603
		 
         6         25      4       1	   1443	      1605
         6         26      4       1	   1443	      1511
         6         27      4       1	   1443	      1479
         6         28      4       1	   1443	      1602
         6         29      4       1	   1443	      1499
         6         30      4       1	   1443	      1530
         6         31      4       1	   1443	      1581
         6         32      4       1	   1443	      1490
		 
         6         33      5       1	   1443	      1581
         6         34      5       1	   1443	      1485
         6         35      5       1	   1443	      1538
         6         36      5       1	   1443	      1628
         6         37      5       1	   1443	      1520
         6         38      5       1	   1443	      1581
         6         39      5       1	   1443	      1548
         6         40      5       1	   1443	      1562
		 
         6         41      6       1	   1443	      1472
         6         42      6       1	   1443	      1600
         6         43      6       1	   1443	      1600 
         6         44      6       1	   1443	      1503
         6         45      6       1	   1443	      1587
         6         46      6       1	   1443	      1568
         6         47      6       1	   1443	      1680 
         6         48      6       1	   1443	      1713

         6         49      7       1	   1443	      1505
         6         50      7       1	   1443	      1640
         6         51      7       1	   1443	      1577
         6         52      7       1	   1443	      1492
         6         53      7       1	   1443	      1494
         6         54      7       1	   1443	      1587
         6         55      7       1	   1443	      1713
         6         56      7       1	   1443	      1509 

         6         57      8       1	   1443	      1682
         6         58      8       1	   1443	      1575
         6         59      8       1	   1443	      1530
         6         60      8       1	   1443	      1556
         6         NA      8       1	     NA	        NA
         6         NA      8       1	     NA	        NA
         6         NA      8       1	     NA	        NA
         6         NA      8       1	     NA	        NA

         7          1      1       1	   1714       1858    
         7          2      1       1	   1714       1891	         
         7          3      1       1	   1714       1832	       
         7          4      1       1	   1714       1771	       
         7          5      1       1	   1714       1807	       
         7          6      1       1	   1714       1854	        
         7          7      1       1	   1714       1813	        
         7          8      1       1	   1714       2048 	         
		 
         7          9      2       1	   1714       1847   	        
         7         10      2       1	   1714       1840      
         7         11      2       1	   1714       1756	       
         7         12      2       1	   1714       1786	       
         7         13      2       1	   1714       1745	         
         7         14      2       1	   1714       1830	       
         7         15      2       1	   1714       1756	       
         7         16      2       1	   1714       1775	          
		 
         7         17      3       1	   1714       1764	       
         7         18      3       1	   1714       1880	       
         7         19      3       1	   1714       1786        
         7         20      3       1	   1714       1899 
         7         21      3       1	   1714       1771
         7         22      3       1	   1714       1856
         7         23      3       1	   1714       1788
         7         24      3       1	   1714       1854
		 
         7         25      4       1	   1714       1773    	       
         7         26      4       1	   1714       1750	       
         7         27      4       1	   1714       1830     
         7         28      4       1	   1714       1856 
         7         29      4       1	   1714       1967
         7         30      4       1	   1714       1760
         7         31      4       1	   1714       1850
         7         32      4       1	   1714       1893
		 
         7         33      5       1	   1714       1885    	       
         7         34      5       1	   1714       1821	       
         7         35      5       1	   1714       1747     
         7         36      5       1	   1714       1915  
         7         37      5       1	   1714       1754
         7         38      5       1	   1714       1904
         7         39      5       1	   1714       1899
         7         40      5       1	   1714       1872
		 
         7         41      6       1	   1714       1777
         7         42      6       1	   1714       1852
         7         43      6       1	   1714       1828
         7         44      6       1	   1714       1760
         7         45      6       1	   1714       1919
         7         46      6       1	   1714       1766
         7         47      6       1	   1714       1868
         7         48      6       1	   1714       1933

         7         49      7       1	   1714       1791
         7         50      7       1	   1714       1882
         7         51      7       1	   1714       1766
         7         52      7       1	   1714       1939
         7         53      7       1	   1714       1815
         7         54      7       1	   1714       1745
         7         55      7       1	   1714       1809
         7         56      7       1	   1714       1771

         7         57      8       1	   1714       1828
         7         58      8       1	   1714       1752
         7         59      8       1	   1714       1766
         7         60      8       1	   1714       1836
         7         NA      8       1	     NA	        NA	       
         7         NA      8       1	     NA	        NA	       
         7         NA      8       1	     NA	        NA	       
         7         NA      8       1	     NA	        NA       

         8          1      1       1	   2049       2313
         8          2      1       1	   2049       2095    
         8          3      1       1	   2049       2079
         8          4      1       1	   2049       2228
         8          5      1       1	   2049       2130
         8          6      1       1	   2049       2092
         8          7      1       1	   2049       2175
         8          8      1       1	   2049       2116
		 
         8          9      2       1	   2049       2178
         8         10      2       1	   2049       2116   	         
         8         11      2       1	   2049       2163	       
         8         12      2       1	   2049       2099	       
         8         13      2       1	   2049       2232 	         
         8         14      2       1	   2049       2099   	       
         8         15      2       1	   2049       2118   	       
         8         16      2       1	   2049       2088   	          
		 
         8         17      3       1	   2049       2108   	       
         8         18      3       1	   2049       2090  	       
         8         19      3       1	   2049       2191  	          
         8         20      3       1	   2049       2099   	       
         8         21      3       1	   2049       2090   	       
         8         22      3       1	   2049       2257    	       
         8         23      3       1	   2049       2188    	       
         8         24      3       1	   2049       2188    	       
		 
         8         25      4       1	   2049       2369    	       
         8         26      4       1	   2049       2180   	       
         8         27      4       1	   2049       2102   	       
         8         28      4       1	   2049       2178   	       
         8         29      4       1	   2049       2088    	       
         8         30      4       1	   2049       2182   	       
         8         31      4       1	   2049       2112  	       
         8         32      4       1	   2049       2173    	       
		 
         8         33      5       1	   2049       2118    	       
         8         34      5       1	   2049       2171    	       
         8         35      5       1	   2049       2114   	       
         8         36      5       1	   2049       2088    	        
         8         37      5       1	   2049       2184    	       
         8         38      5       1	   2049       2122   	       
         8         39      5       1	   2049       2175   	       
         8         40      5       1	   2049       2095    	       
		 
         8         41      6       1	   2049       2184   	       
         8         42      6       1	   2049       2099    	       
         8         43      6       1	   2049       2247    	       
         8         44      6       1	   2049       2283   	       
         8         45      6       1	   2049       2106    	       
         8         46      6       1	   2049       2143   	       
         8         47      6       1	   2049       2269    	       
         8         48      6       1	   2049       2156    	       

         8         49      7       1	   2049       2082    	       
         8         50      7       1	   2049       2139    	       
         8         51      7       1	   2049       2198    	       
         8         52      7       1	   2049       2143   	       
         8         53      7       1	   2049       2204    	       
         8         54      7       1	   2049       2163   	       
         8         55      7       1	   2049       2136    	       
         8         56      7       1	   2049       2141    	       

         8         57      8       1	   2049       2106    	       
         8         58      8       1	   2049       2171    	       
         8         59      8       1	   2049       2073    	       
         8         60      8       1	   2049       2330   	       
         8         NA      8       1	     NA	        NA	       
         8         NA      8       1	     NA	        NA
         8         NA      8       1	     NA	        NA
         8         NA      8       1	     NA	        NA

         9          1      1       1	   2371       2407     
         9          2      1       1	   2371       2492    
         9          3      1       1	   2371       2496    
         9          4      1       1	   2371       2494   
         9          5      1       1	   2371       2688   
         9          6      1       1	   2371       2407    
         9          7      1       1	   2371       2485   
         9          8      1       1	   2371       2411   
		 
         9          9      2       1	   2371       2430   
         9         10      2       1	   2371       2445    
         9         11      2       1	   2371       2443    
         9         12      2       1	   2371       2575    
         9         13      2       1	   2371       2560    
         9         14      2       1	   2371       2560    
         9         15      2       1	   2371       2409    
         9         16      2       1	   2371       2519    
		 
         9         17      3       1	   2371       2443    
         9         18      3       1	   2371       2453   
         9         19      3       1	   2371       2435   
         9         20      3       1	   2371       2447    
         9         21      3       1	   2371       2443   
         9         22      3       1	   2371       2481   
         9         23      3       1	   2371       2414   
         9         24      3       1	   2371       2540   
		 
         9         25      4       1	   2371       2571   
         9         26      4       1	   2371       2516   
         9         27      4       1	   2371       2453    
         9         28      4       1	   2371       2460    
         9         29      4       1	   2371       2441   
         9         30      4       1	   2371       2418   
         9         31      4       1	   2371       2418
         9         32      4       1	   2371       2445    
		 
         9         33      5       1	   2371       2420    
         9         34      5       1	   2371       2407    
         9         35      5       1	   2371       2483    
         9         36      5       1	   2371       2538    
         9         37      5       1	   2371       2500    
         9         38      5       1	   2371       2422    
         9         39      5       1	   2371       2625    
         9         40      5       1	   2371       2487    
		 
         9         41      6       1	   2371       2405    
         9         42      6       1	   2371       2511   
         9         43      6       1	   2371       2479    
         9         44      6       1	   2371       2403    
         9         45      6       1	   2371       2498    
         9         46      6       1	   2371       2490    
         9         47      6       1	   2371       2411    
         9         48      6       1	   2371       2411    

         9         49      7       1	   2371       2516    
         9         50      7       1	   2371       2403    
         9         51      7       1	   2371       2471    
         9         52      7       1	   2371       2542    
         9         53      7       1	   2371       2516   
         9         54      7       1	   2371       2519    
         9         55      7       1	   2371       2525    
         9         56      7       1	   2371       2576    

         9         57      8       1	   2371       2523   
         9         58      8       1	   2371       2435   
         9         59      8       1	   2371       2521    
         9         60      8       1	   2371       2562    
         9         NA      8       1	     NA	        NA
         9         NA      8       1	     NA	        NA
         9         NA      8       1	     NA	        NA
         9         NA      8       1	     NA	        NA
		 
        10          1      1       1	   2689       2739  
        10          2      1       1	   2689       2768    
        10          3      1       1	   2689       2729    
        10          4      1       1	   2689       2857    
        10          5      1       1	   2689       2859   
        10          6      1       1	   2689       2741    
        10          7      1       1	   2689       2774    
        10          8      1       1	   2689       2892    
		 
        10          9      2       1	   2689       2779    
        10         10      2       1	   2689       2739     
        10         11      2       1	   2689       2892     	       
        10         12      2       1	   2689       2964     	       
        10         13      2       1	   2689       2758    
        10         14      2       1	   2689       2849     	       
        10         15      2       1	   2689       2737     	       
        10         16      2       1	   2689       2767     
		 
        10         17      3       1	   2689       2845    	       
        10         18      3       1	   2689       2774     	       
        10         19      3       1	   2689       2737      
        10         20      3       1	   2689       2945     	       
        10         21      3       1	   2689       2725    	       
        10         22      3       1	   2689       2943     	       
        10         23      3       1	   2689       2746     	       
        10         24      3       1	   2689       2737     	       
		 
        10         25      4       1	   2689       2878     	       
        10         26      4       1	   2689       2953     	       
        10         27      4       1	   2689       2990     	       
        10         28      4       1	   2689       2763     	       
        10         29      4       1	   2689       2752     	       
        10         30      4       1	   2689       2748     	       
        10         31      4       1	   2689       2855    	       
        10         32      4       1	   2689       2809     	       
		 
        10         33      5       1	   2689       2905    	       
        10         34      5       1	   2689       2796     	       
        10         35      5       1	   2689       2770     	       
        10         36      5       1	   2689       2720     	        
        10         37      5       1	   2689       2748     	       
        10         38      5       1	   2689       2772     	       
        10         39      5       1	   2689       2888     	       
        10         40      5       1	   2689       2847    	       
		 
        10         41      6       1	   2689       2729    	       
        10         42      6       1	   2689       2896    	       
        10         43      6       1	   2689       2805     	       
        10         44      6       1	   2689       2727     	       
        10         45      6       1	   2689       2813     	       
        10         46      6       1	   2689       2868     	       
        10         47      6       1	   2689       2741     	       
        10         48      6       1	   2689       2720    	       

        10         49      7       1	   2689       2788     	       
        10         50      7       1	   2689       2768     	       
        10         51      7       1	   2689       2748     	       
        10         52      7       1	   2689       2754     	       
        10         53      7       1	   2689       2835     	       
        10         54      7       1	   2689       3058     	       
        10         55      7       1	   2689       2866    	       
        10         56      7       1	   2689       2866     	       

        10         57      8       1	   2689       2868     	       
        10         58      8       1	   2689       2774     	       
        10         59      8       1	   2689       3058    	       
        10         60      8       1	   2689       2731    	       
        10         NA      8       1	     NA	        NA   
        10         NA      8       1	     NA	        NA
        10         NA      8       1	     NA	        NA 	       
        10         NA      8       1	     NA	        NA 
