generation individual worker  nCores        st        ft
         1          1      1       8	      0         31
         1          2      2       8	      0         77  
         1          3      3       8	      0         80
         1          4      4       8	      0         89
         1          5      5       8	      0         17
         1          6      6       4	      0         15 
         1          7      6       4	      0         60 
         1          8      7       4	      0         21  

         1          9      7       4	      0         41 
         1         10      8       4	      0         83  
         1         11      8       4	      0         18
         1         12      9       2  	    0         20  
         1         13      9       2  	    0         98    
         1         14      9       2  	    0         29  
         1         15      9       2  	    0         37  
         1         16     10       2  	    0         27     

         1         17     10       1 	      0          6 
         1         18     10       1   	    0         27 
         1         19     10       1   	    0         30     
         1         20     10       1   	    0          3 
         1         21     10       1   	    0          4 
         1         22     10       1   	    0         33 
         1         23     11       1   	    0         15
         1         24     11       1 	      0         42  

         1         25     11       1   	    0         31  
         1         26     11       1   	    0         17  
         1         27     11       1   	    0         19  
         1         28     11       1   	    0         34 
         1         29     11       1   	    0         29  
         1         30     11       1  	    0         53 
         1         31     12       1 	      0         76  
         1         32     12       1 	      0         59 

         1         33     12       1 	      0         89 
         1         34     12       1 	      0          4
         1         35     12       1 	      0         36 
         1         36     12       1 	      0         62  
         1         37     12       1 	      0         14
         1         38     12       1 	      0         60
         1         39     13       1   	    0         15  
         1         40     13       1   	    0         60  

         1         41     13       1	      0         42  
         1         42     13       1	      0        110   
         1         43     13       1	      0         49  
         1         44     13       1	      0         75  
         1         45     13       1	      0         61 
         1         46     13       1	      0         36 
         1         47     14       1	      0        110
         1         48     14       1	      0         43

         1         49     14       1	      0         40
         1         50     14       1	      0         31
         1         51     14       1	      0         50
         1         52     14       1	      0         89
         1         53     14       1	      0         38
         1         54     14       1	      0         66
         1         55     15       1	      0         38
         1         56     15       1	      0         21

         1         57     15       1	      0         41
         1         58     15       1	      0        110
         1         59     15       1	      0         56
         1         60     15       1	      0         29
         1         61     15       1	      0         83
         1         62     15       1	      0         26
         1         63     16       1 	      0         45  
         1         64     16       1 	      0         17  

         2          1      1       8  	  110        171
         2          2      2       8  	  110        137  
         2          3      3       8  	  110        124
         2          4      4       4 	    110        210
         2          5      4       4 	    110        216
         2          6      5       2	    110        168
         2          7      5       2	    110        198
         2          8      5       2	    110        143

         2          9      5       2	    110        132
         2         10      6       2  	  110        165
         2         11      6       2  	  110        140
         2         12      6       2  	  110        140
         2         13      6       2  	  110        220
         2         14      7       1	    110        116   
         2         15      7       1	    110        204
         2         16      7       1	    110        220

         2         17      7       1	    110        135
         2         18      7       1	    110        130
         2         19      7       1	    110        171
         2         20      7       1	    110        155
         2         21      7       1	    110        184
         2         22      8       1	    110        125
         2         23      8       1	    110        131
         2         24      8       1	    110        132

         2         25      8       1	    110        142
         2         26      8       1	    110        173
         2         27      8       1	    110        167
         2         28      8       1	    110        115
         2         29      8       1	    110        146
         2         30      9       1	    110        181
         2         31      9       1	    110        212
         2         32      9       1	    110        168

         2         33      9       1	    110        128
         2         34      9       1	    110        115
         2         35      9       1	    110        174
         2         36      9       1	    110        164
         2         37      9       1	    110        178
         2         38     10       1	    110        138
         2         39     10       1	    110        171
         2         40     10       1	    110        167

         2         41     10       1	    110        155
         2         42     10       1	    110        157
         2         43     10       1	    110        168
         2         44     10       1	    110        148
         2         45     10       1	    110        176
         2         46     11       1	    110        153
         2         47     11       1	    110        160
         2         48     11       1	    110        212

         2         49     11       1	    110        137
         2         50     11       1	    110        150
         2         51     11       1	    110        149
         2         52     11       1	    110        176
         2         53     11       1	    110        131
         2         54     12       1	    110        133
         2         55     12       1	    110        158
         2         56     12       1	    110        129

         2         57     12       1	    110        152
         2         58     12       1	    110        148
         2         59     12       1	    110        141
         2         60     12       1	    110        137
         2         NA               	     NA           
         2         NA               	     NA           
         2         NA               	     NA             
         2         NA               	     NA             

         3          1      1        8	    222        243
         3          2      2        8 	  222        238
         3          3      3        4	    222        237
         3          4      3        4	    222        250
         3          5      4        4	    222        302
         3          6      4        2	    222        254
         3          7      4        2	    222        332
         3          8      5        2	    222        317

         3          9      5        2     222        291
         3         10      5        2     222	       264
         3         11      5        1     222	       228
         3         12      5        1     222	       253
         3         13      6        1     222	       266
         3         14      6        1     222	       241
         3         15      6        1     222	       248
         3         16      6        1     222	       260

         3         17      6        1     222	       247
         3         18      6        1     222	       282
         3         19      6        1     222	       299
         3         20      6        1     222	       259
         3         21      7        1     222	       278
         3         22      7        1     222	       226
         3         23      7        1     222	       256
         3         24      7        1     222	       276

         3         25      7        1     222	       315
         3         26      7        1     222	       332
         3         27      7        1     222	       237
         3         28      7        1     222	       226
         3         29      8        1     222	       288
         3         30      8        1     222	       278
         3         31      8        1     222	       299
         3         32      8        1     222	       283

         3         33      8        1     222	       258
         3         34      8        1     222	       244
         3         35      8        1     222	       268
         3         36      8        1     222	       276
         3         37      9        1     222	       252
         3         38      9        1     222	       287
         3         39      9        1     222	       259
         3         40      9        1     222	       276

         3         41      9        1     222	       249
         3         42      9        1     222	       247
         3         43      9        1     222	       297
         3         44      9        1     222	       249
         3         45     10        1     222	       272
         3         46     10        1     222	       245
         3         47     10        1     222	       289
         3         48     10        1     222	       246

         3         49     10        1     222	       261
         3         50     10        1     222	       246
         3         51     10        1     222	       232
         3         52     10        1     222	       261
         3         53     11        1     222	       244
         3         54     11        1     222	       268
         3         55     11        1     222	       232
         3         56     11        1     222	       234

         3         57     11        1     222	       257
         3         58     11        1     222	       228
         3         59     11        1     222	       228
         3         60     11        1     222	       290
         3         NA                      NA	          
         3         NA                      NA	          
         3         NA                      NA	          
         3         NA                      NA	          

         4          1      1        8	    332        356 
         4          2      2        8	    332	       347   
         4          3      3        8	    332	       355   
         4          4      4        8	    332	       400
         4          5      5        4	    332	       397
         4          6      5        4	    332	       361
         4          7      6        2	    332	       435
         4          8      6        2	    332	       426

         4          9      6        2	    332	       427
         4         10      6        2	    332	       382
         4         11      7        2	    332	       443
         4         12      7        2	    332	       361
         4         13      7        1	    332	       443   
         4         14      7        1	    332	       378
         4         15      7        1	    332	       357
         4         16      7        1	    332	       354

         4         17      8        1	    332	       357
         4         18      8        1	    332	       369
         4         19      8        1	    332	       391
         4         20      8        1	    332	       384
         4         21      8        1	    332	       380
         4         22      8        1	    332	       415
         4         23      8        1	    332	       397
         4         24      8        1	    332	       336

         4         25      9        1	    332	       369
         4         26      9        1	    332	       417
         4         27      9        1	    332	       386
         4         28      9        1	    332	       348
         4         29      9        1	    332	       355
         4         30      9        1	    332	       336
         4         31      9        1	    332	       362
         4         32      9        1	    332	       387

         4         33     10        1	    332	       387   
         4         34     10        1	    332	       396
         4         35     10        1	    332	       402
         4         36     10        1	    332	       397
         4         37     10        1	    332	       376
         4         38     10        1	    332	       391
         4         39     10        1	    332	       379
         4         40     10        1	    332	       391

         4         41     11        1	    332	       394
         4         42     11        1	    332	       369
         4         43     11        1	    332	       384
         4         44     11        1	    332	       366
         4         45     11        1	    332	       360
         4         46     11        1	    332	       395
         4         47     11        1	    332	       354
         4         48     11        1	    332	       385

         4         49     12        1	    332	       361
         4         50     12        1	    332	       371
         4         51     12        1	    332	       363
         4         52     12        1	    332	       447
         4         53     12        1	    332	       354
         4         54     12        1	    332	       343
         4         55     12        1	    332	       345
         4         56     12        1	    332	       372

         4         57     13        1	    332	       337
         4         58     13        1	    332	       338
         4         59     13        1	    332	       424
         4         60     13        1	    332	       366
         4         NA               	     NA	       
         4         NA               	     NA	       
         4         NA               	     NA	       
         4         NA               	     NA	          

         5          1      1        8	    443        482
         5          2      2        4	    443        480
         5          3      2        4	    443        511
         5          4      3        2	    443        500
         5          5      3        2	    443        526
         5          6      3        2	    443        527
         5          7      3        1	    443        519
         5          8      3        1	    443        490

         5          9      4        1 	  443        458
         5         10      4        1	    443        463
         5         11      4        1	    443        477
         5         12      4        1	    443        498
         5         13      4        1	    443        496
         5         14      4        1	    443        447
         5         15      4        1	    443        479
         5         16      4        1	    443        488

         5         17      5        1     443        493 
         5         18      5        1     443        524
         5         19      5        1     443        498
         5         20      5        1     443        459
         5         21      5        1     443        448
         5         22      5        1     443        526
         5         23      5        1     443        474
         5         24      5        1     443        509

         5         25      6        1	    443        494
         5         26      6        1	    443        514
         5         27      6        1	    443        509
         5         28      6        1	    443        493
         5         29      6        1	    443        490
         5         30      6        1	    443        507
         5         31      6        1	    443        505
         5         32      6        1	    443        487

         5         33      7        1     443        486
         5         34      7        1     443        501
         5         35      7        1     443        470
         5         36      7        1     443        514
         5         37      7        1     443        466
         5         38      7        1     443        495
         5         39      7        1     443        466
         5         40      7        1     443        490

         5         41      8        1     443        468
         5         42      8        1     443        466
         5         43      8        1     443        554
         5         44      8        1     443        472
         5         45      8        1     443        482
         5         46      8        1     443        453
         5         47      8        1     443        487
         5         48      8        1     443        457

         5         49      9        1     443        480
         5         50      9        1     443        474
         5         51      9        1     443        465
         5         52      9        1     443        448
         5         53      9        1     443        544
         5         54      9        1     443        449
         5         55      9        1     443        535
         5         56      9        1     443        454

         5         57     10        1     443        451
         5         58     10        1     443        446
         5         59     10        1     443        447
         5         60     10        1     443        482
         5         NA               	     NA	          
         5         NA               	     NA	          
         5         NA               	     NA	          
         5         NA               	     NA	          

         6          1       1       8	    554        644   
         6          2       2       8     554	       588
         6          3       3       8	    554        648
         6          4       4       8	    554        622
         6          5       5       4 	  554        599
         6          6       6       4	    554        589
         6          7       7       4	    554        585
         6          8       7       2	    554        629

         6          9       7       2	    554	       635
         6         10       8       2	    554	       576
         6         11       8       2	    554	       665
         6         12       8       2	    554	       606
         6         13       8       2	    554	       645
         6         14       9       2 	  554	       616
         6         15       9       2 	  554	       631
         6         16       9       1 	  554	       601

         6         17       9       1	    554	       600
         6         18       9       1	    554	       571
         6         19       9       1	    554	       575
         6         20      10       1	    554	       589
         6         21      10       1	    554	       612
         6         22      10       1	    554	       614
         6         23      10       1	    554	       558
         6         24      10       1	    554	       588

         6         25      10       1	    554        614
         6         26      10       1	    554        605
         6         27      10       1	    554        637
         6         28      11       1	    554        572
         6         29      11       1	    554        558
         6         30      11       1	    554        624
         6         31      11       1	    554        604
         6         32      11       1	    554        585

         6         33      11       1	    554	       616  
         6         34      11       1	    554	       605
         6         35      11       1	    554	       620
         6         36      12       1	    554	       595  
         6         37      12       1	    554	       604
         6         38      12       1	    554	       601
         6         39      12       1	    554	       606
         6         40      12       1	    554	       591

         6         41      12       1 	  554	       621
         6         42      12       1 	  554	       591
         6         43      12       1 	  554	       594
         6         44      13       1     554	       607
         6         45      13       1     554	       666
         6         46      13       1     554	       583
         6         47      13       1     554	       640
         6         48      13       1     554	       582

         6         49      13       1     554	       579
         6         50      13       1     554	       608
         6         51      13       1     554	       659
         6         52      14       1     554	       577
         6         53      14       1     554	       596
         6         54      14       1     554	       579
         6         55      14       1     554	       666
         6         56      14       1     554	       590

         6         57      14       1     554	       580
         6         58      14       1     554	       567
         6         59      14       1     554	       570
         6         60      15       1  	  554	       666
         6         NA               	     NA	          
         6         NA               	     NA	          
         6         NA               	     NA	          
         6         NA               	     NA	          

         7          1       1       8 	  666        777
         7          2       2       8	    666        705
         7          3       3       4	    666        732
         7          4       3       4	    666        732
         7          5       4       2	    666        777
         7          6       4       2	    666        768
         7          7       4       2 	  666        753
         7          8       4       2 	  666        777

         7          9       5       2	    666        754
         7         10       5       2	    666        738
         7         11       5       2	    666        732
         7         12       5       2	    666        687
         7         13       6       1	    666        711
         7         14       6       1	    666        777
         7         15       6       1	    666        708
         7         16       6       1	    666        735

         7         17       6       1	    666        685
         7         18       6       1	    666        686
         7         19       6       1	    666        712
         7         20       6       1	    666        729
         7         21       7       1 	  666        729
         7         22       7       1 	  666        700
         7         23       7       1 	  666        670
         7         24       7       1 	  666        701

         7         25       7       1 	  666        770
         7         26       7       1 	  666        724
         7         27       7       1 	  666        683
         7         28       7       1 	  666        670
         7         29       8       1 	  666        728
         7         30       8       1 	  666        732
         7         31       8       1 	  666        716
         7         32       8       1 	  666        728

         7         33       8       1 	  666        731
         7         34       8       1 	  666        743
         7         35       8       1 	  666        727
         7         36       8       1 	  666        706
         7         37       9       1 	  666        715
         7         38       9       1 	  666        707
         7         39       9       1 	  666        724
         7         40       9       1 	  666        732

         7         41       9       1 	  666        704   
         7         42       9       1 	  666        692
         7         43       9       1 	  666        720
         7         44       9       1 	  666        702
         7         45      10       1	    666        695   
         7         46      10       1	    666        740
         7         47      10       1	    666        688
         7         48      10       1	    666        723

         7         49      10       1	    666        692
         7         50      10       1	    666        709
         7         51      10       1	    666        709
         7         52      10       1	    666        708
         7         53      11       1	    666        777
         7         54      11       1	    666        686
         7         55      11       1	    666        677
         7         56      11       1	    666        712

         7         57      11       1 	  666        679
         7         58      11       1 	  666        696
         7         59      11       1 	  666        703
         7         60      11       1 	  666        672
         7         NA               	     NA	          	       
         7         NA               	     NA	          	       
         7         NA               	     NA	          	       
         7         NA               	     NA	                 

         8          1       1       8 	  777         854
         8          2       2       8 	  777         796
         8          3       3       8 	  777         818
         8          4       4       8 	  777         819
         8          5       5       4 	  777         791
         8          6       5       4 	  777         843
         8          7       6       4 	  777         656
         8          8       6       4 	  777         838

         8          9       7       4 	  777         845
         8         10       7       4 	  777         858 	         
         8         11       8       2 	  777         850
         8         12       8       2 	  777         800
         8         13       8       2 	  777         821
         8         14       8       2 	  777         836
         8         15       9       1 	  777         824
         8         16       9       1 	  777         795 	          

         8         17       9       1	    777         802 	       
         8         18       9       1	    777         819
         8         19       9       1	    777         808
         8         20       9       1	    777         836
         8         21       9       1	    777         838
         8         22       9       1	    777         833
         8         23      10       1	    777         780 
         8         24      10       1	    777         816

         8         25      10       1	    777         815
         8         26      10       1	    777         840
         8         27      10       1	    777         794
         8         28      10       1	    777         781
         8         29      10       1	    777         851
         8         30      10       1	    777         826
         8         31      11       1	    777         814
         8         32      11       1	    777         844

         8         33      11       1	    777         843
         8         34      11       1	    777         822
         8         35      11       1	    777         821
         8         36      11       1	    777         822
         8         37      11       1	    777         833
         8         38      11       1	    777         811
         8         39      12       1	    777         848
         8         40      12       1	    777         817

         8         41      12       1	    777         827
         8         42      12       1	    777         804
         8         43      12       1	    777         853
         8         44      12       1	    777         798
         8         45      12       1	    777         826
         8         46      12       1	    777         837
         8         47      13       1	    777         799
         8         48      13       1	    777         813

         8         49      13       1	    777         816
         8         50      13       1	    777         817
         8         51      13       1	    777         886
         8         52      13       1	    777         803
         8         53      13       1	    777         805
         8         54      13       1	    777         789
         8         55      14       1	    777         789
         8         56      14       1	    777         813

         8         57      14       1	    777         846
         8         58      14       1	    777         782
         8         59      14       1	    777         782
         8         60      14       1	    777         864
         8         NA               	     NA	               
         8         NA               	     NA	        
         8         NA               	     NA	        
         8         NA               	     NA	        

         9          1       1        8	  886         955
         9          2       2        8	  886         953
         9          3       3        4	  886         960
         9          4       3        4	  886         957
         9          5       4        4    886         932
         9          6       4        4	  886         952
         9          7       5        4	  886         977
         9          8       5        4	  886         966

         9          9       6        4	  886         907 
         9         10       6        4	  886         955
         9         11       7        4	  886         954
         9         12       7        4	  886         909
         9         13       8        4	  886         974
         9         14       8        4	  886         982
         9         15       9        2	  886         936
         9         16       9        2	  886         999

         9         17       9        2	  886         955
         9         18       9        1	  886         932
         9         19       9        1	  886         906
         9         20      10        1    886         912
         9         21      10        1    886         913
         9         22      10        1    886         921
         9         23      10        1    886         937
         9         24      10        1    886         953
													    
         9         25      10        1	  886         949
         9         26      10        1	  886         892
         9         27      10        1	  886         921
         9         28      11        1	  886         939
         9         29      11        1	  886         959
         9         30      11        1	  886         941
         9         31      11        1	  886         951
         9         32      11        1	  886         902

         9         33      11        1	  886         921
         9         34      11        1	  886         891
         9         35      11        1	  886         967
         9         36      12        1	  886         937
         9         37      12        1	  886         961
         9         38      12        1	  886         952
         9         39      12        1	  886         926
         9         40      12        1	  886         925

         9         41      12        1	  886         955
         9         42      12        1	  886         955
         9         43      12        1	  886         918
         9         44      13        1	  886         932
         9         45      13        1	  886         930
         9         46      13        1	  886         934
         9         47      13        1	  886         944
         9         48      13        1	  886         950

         9         49      13        1	  886         925
         9         50      13        1	  886         942
         9         51      13        1	  886         911
         9         52      14        1	  886         921
         9         53      14        1	  886         955
         9         54      14        1	  886         913
         9         55      14        1	  886         939
         9         56      14        1	  886         919

         9         57      14        1	  886         931
         9         58      14        1	  886         924
         9         59      14        1	  886        1002
         9         60      15        1	  886         916
         9         NA               	     NA	        
         9         NA               	     NA	        
         9         NA               	     NA	        
         9         NA               	     NA	        

        10          1       1        4    999        1022 
        10          2       1        4    999        1044
        10          3       2        4    999        1070
        10          4       2        4    999        1078
        10          5       3        4    999        1052
        10          6       3        4    999        1037
        10          7       4        4    999        1088
        10          8       4        4    999        1105

        10          9       5        2	  999        1030
        10         10       5        2	  999        1030
        10         11       5        2	  999        1036    
        10         12       5        2	  999        1052
        10         13       6        2	  999        1114
        10         14       6        2	  999        1114
        10         15       6        1	  999        1036
        10         16       6        1	  999        1044

        10         17       6        1 	  999        1017       
        10         18       6        1	  999        1025	       
        10         19       7        1	  999        1037
        10         20       7        1	  999        1067
        10         21       7        1	  999        1072
        10         22       7        1	  999        1067
        10         23       7        1	  999        1003
        10         24       7        1	  999        1059

        10         25       7        1	  999        1032
        10         26       7        1	  999        1052
        10         27       8        1	  999        1015
        10         28       8        1	  999        1003
        10         29       8        1	  999        1039
        10         30       8        1	  999        1070
        10         31       8        1	  999        1027
        10         32       8        1	  999        1050

        10         33       8        1	  999        1036
        10         34       8        1	  999        1057
        10         35       9        1	  999        1052
        10         36       9        1	  999        1046
        10         37       9        1	  999        1051
        10         38       9        1	  999        1054
        10         39       9        1	  999        1050
        10         40       9        1	  999        1071

        10         41       9        1	  999        1045
        10         42       9        1	  999        1062
        10         43      10        1	  999        1024
        10         44      10        1	  999        1077
        10         45      10        1	  999        1070
        10         46      10        1	  999        1022
        10         47      10        1	  999        1050
        10         48      10        1	  999        1082

        10         49      10        1	  999        1019
        10         50      10        1	  999        1030
        10         51      11        1	  999        1042
        10         52      11        1	  999        1035
        10         53      11        1	  999        1034
        10         54      11        1	  999        1043
        10         55      11        1	  999        1114
        10         56      11        1	  999        1026

        10         57      11        1	  999        1008
        10         58      11        1	  999        1014
        10         59      12        1	  999        1041
        10         60      12        1	  999        1004
        10         NA               	     NA        
        10         NA               	     NA        
        10         NA               	     NA        
        10         NA               	     NA        
