instance nNodes nJobs nTasks costPerTask sumOfTasksMakespan totalCost sumOfJobsMakespan
c5.18xlarge 1 10 604 0.0507 79089 30.6000 3159
c5.18xlarge 2 10 604 0.0963 58821 58.1400 2288
c5.18xlarge 4 10 604 0.0963 58821 58.1400 2288
c5.18xlarge 8 10 604 0.0963 58821 58.1400 2288
c5.18xlarge 16 10 604 0.0963 58821 58.1400 2288
c5.18xlarge 32 10 604 0.0963 58821 58.1400 2288
c5.18xlarge 64 10 604 0.0963 58821 58.1400 2288
c5.18xlarge 128 10 604 0.0963 58821 58.1400 2288
c5.9xlarge 1 10 604 0.0253 286414 15.3000 9670
c5.9xlarge 2 10 604 0.0507 99003 30.6000 3956
c5.9xlarge 4 10 604 0.0760 73636 45.9000 2867
c5.9xlarge 8 10 604 0.0760 73636 45.9000 2867
c5.9xlarge 16 10 604 0.0760 73636 45.9000 2867
c5.9xlarge 32 10 604 0.0760 73636 45.9000 2867
c5.9xlarge 64 10 604 0.0760 73636 45.9000 2867
c5.9xlarge 128 10 604 0.0760 73636 45.9000 2867
c5.4xlarge 1 10 604 0.0124 655650 7.4800 21090
c5.4xlarge 2 10 604 0.0225 299503 13.6000 9940
c5.4xlarge 4 10 604 0.0450 109624 27.2000 4260
c5.4xlarge 8 10 604 0.0721 67762 43.5200 2637
c5.4xlarge 16 10 604 0.0721 67762 43.5200 2637
c5.4xlarge 32 10 604 0.0721 67762 43.5200 2637
c5.4xlarge 64 10 604 0.0721 67762 43.5200 2637
c5.4xlarge 128 10 604 0.0721 67762 43.5200 2637
c5.2xlarge 1 10 604 0.0101 1800820 6.1200 57702
c5.2xlarge 2 10 604 0.0118 666804 7.1400 21386
c5.2xlarge 4 10 604 0.0225 316576 13.6000 10497
c5.2xlarge 8 10 604 0.0450 109624 27.2000 4260
c5.2xlarge 16 10 604 0.0681 67762 41.1400 2637
c5.2xlarge 32 10 604 0.0681 67762 41.1400 2637
c5.2xlarge 64 10 604 0.0681 67762 41.1400 2637
c5.2xlarge 128 10 604 0.0681 67762 41.1400 2637
c5.xlarge 1 0 1 0.0000 36 0.0000 0
c5.xlarge 2 0 2 0.0000 178 0.0000 0
c5.xlarge 4 0 4 0.0000 325 0.0000 0
c5.xlarge 8 0 10 0.0000 1000 0.0000 0
c5.xlarge 16 0 41 0.0000 3879 0.0000 0
c5.xlarge 32 0 59 0.0000 6083 0.0000 0
c5.xlarge 64 0 59 0.0000 6083 0.0000 0
c5.xlarge 128 0 59 0.0000 6083 0.0000 0
c5.large 1 0 1 0.0000 45 0.0000 0
c5.large 2 0 2 0.0000 263 0.0000 0
c5.large 4 0 4 0.0000 411 0.0000 0
c5.large 8 0 11 0.0000 702 0.0000 0
c5.large 16 0 27 0.0000 2131 0.0000 0
c5.large 32 0 53 0.0000 5211 0.0000 0
c5.large 64 0 53 0.0000 5211 0.0000 0
c5.large 128 0 53 0.0000 5211 0.0000 0
m1.small 1 0 1 0.0000 60 0.0000 0
m1.small 2 0 2 0.0000 330 0.0000 0
m1.small 4 0 4 0.0000 660 0.0000 0
m1.small 8 0 8 0.0000 1600 0.0000 0
m1.small 16 0 16 0.0000 4780 0.0000 0
m1.small 32 0 32 0.0000 13440 0.0000 0
m1.small 64 0 48 0.0000 21240 0.0000 0
m1.small 128 0 48 0.0000 21240 0.0000 0
m1.large 1 0 1 0.0000 100 0.0000 0
m1.large 2 0 2 0.0000 590 0.0000 0
m1.large 4 0 4 0.0000 920 0.0000 0
m1.large 8 0 11 0.0000 1570 0.0000 0
m1.large 16 0 27 0.0000 4770 0.0000 0
m1.large 32 0 53 0.0000 11675 0.0000 0
m1.large 64 0 53 0.0000 11675 0.0000 0
m1.large 128 0 53 0.0000 11675 0.0000 0
m1.xlarge 1 0 1 0.0000 75 0.0000 0
m1.xlarge 2 0 2 0.0000 375 0.0000 0
m1.xlarge 4 0 4 0.0000 685 0.0000 0
m1.xlarge 8 0 10 0.0000 2110 0.0000 0
m1.xlarge 16 0 41 0.0000 8200 0.0000 0
m1.xlarge 32 0 59 0.0000 12865 0.0000 0
m1.xlarge 64 0 59 0.0000 12865 0.0000 0
m1.xlarge 128 0 59 0.0000 12865 0.0000 0
c1.medium 1 0 1 0.0000 80 0.0000 0
c1.medium 2 0 2 0.0000 472 0.0000 0
c1.medium 4 0 4 0.0000 736 0.0000 0
c1.medium 8 0 11 0.0000 1256 0.0000 0
c1.medium 16 0 27 0.0000 3816 0.0000 0
c1.medium 32 0 53 0.0000 9340 0.0000 0
c1.medium 64 0 53 0.0000 9340 0.0000 0
c1.medium 128 0 53 0.0000 9340 0.0000 0
c1.xlarge 1 10 604 0.0360 3048556 21.7600 97672
c1.xlarge 2 10 604 0.0304 1128692 18.3600 36204
c1.xlarge 4 10 604 0.0450 535784 27.2000 17784
c1.xlarge 8 10 604 0.0901 185440 54.4000 7224
c1.xlarge 16 10 604 0.1362 114692 82.2800 4476
c1.xlarge 32 10 604 0.1362 114692 82.2800 4476
c1.xlarge 64 10 604 0.1362 114692 82.2800 4476
c1.xlarge 128 10 604 0.1362 114692 82.2800 4476
m2.xlarge 1 0 1 0.0000 62 0.0000 0
m2.xlarge 2 0 2 0.0000 364 0.0000 0
m2.xlarge 4 0 4 0.0000 568 0.0000 0
m2.xlarge 8 0 11 0.0000 973 0.0000 0
m2.xlarge 16 0 27 0.0000 2951 0.0000 0
m2.xlarge 32 0 53 0.0000 7213 0.0000 0
m2.xlarge 64 0 53 0.0000 7213 0.0000 0
m2.xlarge 128 0 53 0.0000 7213 0.0000 0
m2.2xlarge 1 0 1 0.0000 47 0.0000 0
m2.2xlarge 2 0 2 0.0000 232 0.0000 0
m2.2xlarge 4 0 4 0.0000 424 0.0000 0
m2.2xlarge 8 0 10 0.0000 1304 0.0000 0
m2.2xlarge 16 0 41 0.0000 5069 0.0000 0
m2.2xlarge 32 0 59 0.0000 7949 0.0000 0
m2.2xlarge 64 0 59 0.0000 7949 0.0000 0
m2.2xlarge 128 0 59 0.0000 7949 0.0000 0
m2.4xlarge 1 10 604 0.1073 2352529 64.8000 75374
m2.4xlarge 2 10 604 0.0954 871068 57.6000 27939
m2.4xlarge 4 10 604 0.1589 413569 96.0000 13716
m2.4xlarge 8 10 604 0.3179 143188 192.0000 5567
m2.4xlarge 16 10 604 0.4808 88512 290.4000 3447
m2.4xlarge 32 10 604 0.4808 88512 290.4000 3447
m2.4xlarge 64 10 604 0.4808 88512 290.4000 3447
m2.4xlarge 128 10 604 0.4808 88512 290.4000 3447
